<?xml version="1.0" encoding="UTF-8" standalone="no"?>
<!-- Generator: Adobe Illustrator 16.0.4, SVG Export Plug-In . SVG Version: 6.00 Build 0)  -->

<svg
   xmlns:dc="http://purl.org/dc/elements/1.1/"
   xmlns:cc="http://creativecommons.org/ns#"
   xmlns:rdf="http://www.w3.org/1999/02/22-rdf-syntax-ns#"
   xmlns:svg="http://www.w3.org/2000/svg"
   xmlns="http://www.w3.org/2000/svg"
   xmlns:sodipodi="http://sodipodi.sourceforge.net/DTD/sodipodi-0.dtd"
   xmlns:inkscape="http://www.inkscape.org/namespaces/inkscape"
   version="1.1"
   id="Layer_1"
   x="0px"
   y="0px"
   width="400.000px"
   height="122.614px"
   viewBox="0 0 400.000 122.614"
   style="enable-background:new 0 0 400.000 122.614;"
   xml:space="preserve"
   inkscape:version="0.48.3.1 r9886"
   sodipodi:docname="paideiaheader (another copy).svg"><metadata
   id="metadata169"><rdf:RDF><cc:Work
       rdf:about=""><dc:format>image/svg+xml</dc:format><dc:type
         rdf:resource="http://purl.org/dc/dcmitype/StillImage" /></cc:Work></rdf:RDF></metadata><defs
   id="defs167" /><sodipodi:namedview
   pagecolor="#ffffff"
   bordercolor="#666666"
   borderopacity="1"
   objecttolerance="10"
   gridtolerance="10"
   guidetolerance="10"
   inkscape:pageopacity="0"
   inkscape:pageshadow="2"
   inkscape:window-width="1197"
   inkscape:window-height="525"
   id="namedview165"
   showgrid="false"
   inkscape:zoom="3.8933333"
   inkscape:cx="132.35664"
   inkscape:cy="32.44948"
   inkscape:window-x="137"
   inkscape:window-y="24"
   inkscape:window-maximized="0"
   inkscape:current-layer="Layer_1" />
<g
   id="g3"
   transform="matrix(2.0482537,0,0,2.0482537,0,-0.19895174)">
	<rect
   x="-5.1950002"
   y="-1.47"
   style="opacity:0.93999999;fill:#ffffff;display:none"
   width="67.297997"
   height="62.345001"
   id="rect5" />
	<g
   id="g7">
		<path
   d="m 50.021,8.671 c -0.002,0.041 0.006,0.135 0.08,0.309 -0.032,-0.095 -0.057,-0.198 -0.072,-0.308 0.252,0.049 0.494,0.021 0.494,0.021 0,0 0.065,1.176 1.514,0.981 1.449,-0.195 0.954,0.844 1.473,0.844 0.52,0 2.143,-0.584 0,-2.533 C 51.367,6.037 50.589,7.66 50.589,7.66 c -1.105,0.114 -1.105,0.325 -1.105,0.325 -0.071,0.458 0.238,0.627 0.537,0.686 z"
   id="path9"
   inkscape:connector-curvature="0" />
		<path
   d="m 38.363,5.211 c 0,0 -0.309,-0.129 -0.504,-0.129 -0.194,0 -0.762,0.568 -0.762,0.568 0.422,-0.276 0.86,-0.284 0.86,-0.284 0.731,0.202 0.406,-0.155 0.406,-0.155 z"
   id="path11"
   inkscape:connector-curvature="0" />
		<path
   d="m 37.559,5.965 c 0,0 0,0 0.239,0.116 0.24,0.115 0.24,0 0.24,0 -0.008,0.065 -0.138,0 -0.138,0 0.082,0 0.054,-0.225 0.04,-0.311 0.097,-0.017 0.163,-0.016 0.163,-0.016 L 38.022,5.649 c 0,0 -0.382,0.13 -0.642,0.3 -0.259,0.171 -0.365,0.074 -0.365,0.074 0,0 0.149,0.163 0.455,-0.058 0.035,-0.024 0.07,-0.046 0.105,-0.065 0.021,0.016 0.062,0.047 0.111,0.08 C 37.611,5.963 37.559,5.965 37.559,5.965 z"
   id="path13"
   inkscape:connector-curvature="0" />
		<path
   d="m 38.274,7.297 c 0.137,0.162 0.665,0.219 0.698,0.219 0.032,0 0.356,0.235 -0.049,0.178 C 38.906,7.692 38.891,7.69 38.877,7.687 38.547,7.632 38.891,7.58 38.891,7.58 c 0,0 -0.414,0.024 -0.048,0.179 0.365,0.154 0.536,-0.22 0.219,-0.268 -0.317,-0.049 -0.861,-0.155 -0.747,-0.325 0,0 -0.016,-0.073 0.187,-0.292 -0.001,0.001 -0.367,0.261 -0.228,0.423 z"
   id="path15"
   inkscape:connector-curvature="0" />
		<polygon
   points="37.768,8.337 37.768,8.336 37.766,8.336 "
   id="polygon17" />
		<path
   d="m 33.982,6.406 c 0.005,0.054 0.01,0.109 0.014,0.169 0,0 -0.002,-0.07 -0.014,-0.169 z"
   id="path19"
   inkscape:connector-curvature="0" />
		<path
   d="M 33.982,6.406 C 33.88,5.387 33.422,5.562 33.314,5.585 33.2,5.608 33.143,5.844 33.201,6.469 c 0.059,0.625 0.308,0.559 0.308,0.559 -0.26,-0.033 -0.26,-0.665 -0.26,-0.665 0,0 -0.211,-0.763 0.26,-0.714 0.236,0.024 0.358,0.258 0.42,0.483 0.028,0.099 0.044,0.197 0.053,0.274 z"
   id="path21"
   inkscape:connector-curvature="0" />
		<path
   d="m 33.589,6.875 c -10e-4,0 -10e-4,0 -0.002,0 0,0 0.163,0.408 0.002,0 z"
   id="path23"
   inkscape:connector-curvature="0" />
		<path
   d="m 33.89,6.201 c 0,0 -0.538,0.074 -0.33,0.601 0.011,0.027 0.02,0.05 0.029,0.072 0.158,-0.004 -0.32,-0.438 0.301,-0.673 z"
   id="path25"
   inkscape:connector-curvature="0" />
		<path
   d="m 34.118,7.326 c 0,0 0.284,0.057 0.324,0.01 0.041,-0.047 -0.146,-0.279 -0.146,-0.279 0,0 -0.033,-0.288 0.024,-0.36 0.056,-0.073 -0.276,-0.13 -0.325,0.097 0,0 0.251,-0.235 0.251,-0.089 0,0.146 -0.081,0.431 0.106,0.543 0.188,0.114 -0.234,0.078 -0.234,0.078 z"
   id="path27"
   inkscape:connector-curvature="0" />
		<path
   d="m 33.701,7.89 c 0.664,0.446 1.074,0.097 0.96,-0.049 -0.114,-0.146 0,-0.487 0,-0.487 -0.122,-0.024 -0.105,0.397 -0.105,0.443 0,0.045 0.073,0.409 -0.625,0.141 -0.698,-0.268 -0.942,-1.315 -0.942,-1.315 0,0 0.049,0.82 0.712,1.267 z"
   id="path29"
   inkscape:connector-curvature="0" />
		<path
   d="m 29.033,11.225 c -0.146,-0.04 -0.23,-0.055 -0.23,-0.055 0.078,0.017 0.153,0.037 0.23,0.055 z"
   id="path31"
   inkscape:connector-curvature="0" />
		<path
   d="m 50.733,9.724 c 0.097,0.098 0.176,-0.007 0.197,-0.039 0.021,0.011 0.042,0.024 0.063,0.039 0,0 -0.021,-0.022 -0.057,-0.048 l 0,0 0,0 c -0.019,-0.013 -0.041,-0.027 -0.067,-0.04 0,0 0,-10e-4 0,-10e-4 h -0.002 c -0.065,-0.032 -0.15,-0.053 -0.248,-0.024 0,0 0.046,-0.004 0.113,0.007 0,0 -0.052,0.031 -0.028,0.042 0.021,0.009 0.035,0.058 0.079,0.062 -0.027,0.003 -0.05,0.002 -0.05,0.002 z m 0.15,-0.061 c 0.014,0.006 0.028,0.011 0.042,0.019 -0.01,0.008 -0.021,0.014 -0.033,0.019 0.004,-0.007 0,-0.021 -0.009,-0.038 z"
   id="path33"
   inkscape:connector-curvature="0" />
		<path
   d="m 50.699,10.175 c 0,0 0.006,0.009 0.011,0.021 -10e-4,-0.009 -0.003,-0.016 -0.011,-0.021 z"
   id="path35"
   inkscape:connector-curvature="0" />
		<path
   d="m 50.368,9.878 c -0.239,0.179 0.012,0.463 0.102,0.406 0.089,-0.057 0.15,0.028 0.15,0.028 0.109,-0.034 0.104,-0.088 0.091,-0.117 0.005,0.044 -0.077,0.123 -0.091,0.089 -0.016,-0.041 -0.138,-0.033 -0.138,-0.033 -0.081,0.073 -0.288,-0.167 -0.154,-0.3 C 50.462,9.817 50.482,9.617 50.482,9.617 50.278,9.338 50.165,9.131 50.1,8.98 c 0.127,0.385 0.349,0.637 0.349,0.637 0.014,0.065 -0.081,0.261 -0.081,0.261 z"
   id="path37"
   inkscape:connector-curvature="0" />
		<path
   d="m 50.58,10.589 c 0.008,0 0.016,0 0.024,10e-4 0.027,0.003 0.048,0.014 0.065,0.027 -0.039,-0.051 -0.097,-0.111 -0.187,-0.163 l -0.029,-0.003 c 0,0 0.004,-0.134 0.017,-0.167 0,0 -0.033,0.134 -0.045,0.15 -0.012,0.017 0.024,0.159 0.155,0.155 z"
   id="path39"
   inkscape:connector-curvature="0" />
		<path
   d="m 50.62,10.609 c -0.084,0 -0.035,0.25 0,0.243 0.125,-0.021 0.179,-0.109 0.179,-0.109 0,0 -0.056,-0.078 -0.12,-0.115 -0.003,-0.004 -0.006,-0.008 -0.01,-0.011 0.002,0.003 0.006,0.007 0.008,0.011 -0.019,-0.01 -0.038,-0.019 -0.057,-0.019 z"
   id="path41"
   inkscape:connector-curvature="0" />
		<path
   d="m 50.835,11.157 c 0.844,0.463 1.498,-0.276 1.498,-0.276 -0.726,0.678 -1.356,0.305 -1.435,0.293 -0.08,-0.013 -0.112,-0.257 -0.1,-0.269 0.012,-0.012 -0.15,-0.053 -0.15,-0.053 l 0.117,0.069 c -0.032,0.017 0.07,0.236 0.07,0.236 z"
   id="path43"
   inkscape:connector-curvature="0" />
		<path
   d="m 40.912,14.179 c -0.163,1.445 -3.896,-1.818 -3.896,-1.818 l 1.949,2.208 3.554,2.1 c -0.385,0.33 -0.645,1.716 -0.76,2.462 -0.57,-0.652 -0.562,-0.06 -0.562,-0.06 0.184,0.037 0.358,0.148 0.525,0.312 -0.02,0.142 -0.03,0.228 -0.03,0.228 0.019,-0.067 0.037,-0.135 0.054,-0.205 0.375,0.382 0.708,1.04 0.991,1.781 -0.261,0.213 -0.32,0.272 0.024,0.066 0.12,0.32 0.23,0.653 0.332,0.986 -0.452,0.007 -0.924,0.012 -1.401,0.016 -0.823,-5.494 -2.727,-7.687 -2.727,-7.687 1.18,2.164 1.833,4.722 2.232,7.69 -0.317,0.002 -0.633,0.005 -0.944,0.008 0.008,-0.81 0.008,-1.645 -0.004,-2.511 0,0 -0.009,0.962 -0.098,2.512 -0.218,0.002 -0.434,0.005 -0.645,0.007 0.143,-2.437 0.065,-4.12 0.065,-4.12 0.027,1.465 -0.013,2.836 -0.109,4.121 -0.132,0.002 -0.262,0.005 -0.389,0.006 0.151,-2.922 -0.109,-5.298 -0.109,-5.298 -0.039,2.007 -0.167,3.765 -0.364,5.309 -0.144,0.003 -0.284,0.008 -0.419,0.012 0.187,-1.029 0.275,-2.217 0.236,-3.586 0,1.034 -0.097,2.305 -0.436,3.594 -0.377,0.015 -0.715,0.034 -0.998,0.059 0.338,-1.065 0.593,-2.38 0.722,-3.998 -0.136,1.232 -0.423,2.69 -1.009,4.029 -0.094,0.012 -0.175,0.025 -0.249,0.039 -0.029,-0.209 -0.162,-0.564 -0.36,-1.005 0.162,-0.436 0.308,-0.918 0.433,-1.452 -0.133,0.447 -0.294,0.891 -0.492,1.319 -0.033,-0.07 -0.066,-0.143 -0.102,-0.217 0.031,0.083 0.061,0.164 0.09,0.241 0.02,0.052 0.037,0.101 0.056,0.15 0.169,0.459 0.29,0.807 0.345,0.971 -0.149,0.03 -0.259,0.065 -0.311,0.106 0,0 0.123,-0.007 0.341,-0.016 0.002,0.009 0.005,0.016 0.005,0.016 0,-0.005 -10e-4,-0.012 0,-0.016 0.055,-0.002 0.119,-0.006 0.187,-0.008 0.089,-0.004 0.189,-0.008 0.297,-0.012 0.278,-0.011 0.615,-0.024 0.999,-0.037 0.071,-0.002 0.141,-0.005 0.215,-0.007 0.137,-0.004 0.28,-0.009 0.428,-0.013 0.157,-0.005 0.32,-0.009 0.487,-0.014 0.125,-0.003 0.253,-0.007 0.384,-0.01 0.016,0 0.032,-0.001 0.047,-0.001 0.21,-0.005 0.425,-0.01 0.646,-0.014 0.036,-0.001 0.073,-0.001 0.109,-0.002 0.314,-0.006 0.638,-0.011 0.965,-0.014 0.165,-0.002 0.329,-0.003 0.495,-0.004 0.475,-0.003 0.954,-0.003 1.43,10e-4 0.147,0.001 0.294,0.003 0.44,0.006 1.16,0.017 2.272,0.059 3.175,0.145 0,0 0.071,-0.067 0.195,-0.181 0.534,-0.49 2.054,-1.855 3.199,-2.603 -1.136,0.632 -3.193,1.793 -3.654,2.177 -0.223,0.186 -1.451,0.253 -2.989,0.284 -0.16,-0.387 -0.332,-0.763 -0.511,-1.122 0.075,-0.047 0.157,-0.098 0.253,-0.157 1.659,-1.035 2.319,-1.954 2.566,-2.402 l 1.72,1.016 1.948,-0.78 -3.321,-1.827 C 46.704,16.588 45.884,16.488 45.29,16.48 l -1.262,-0.693 c -0.227,0.435 -0.441,0.91 -0.5,1.241 0.126,-0.734 0.847,-1.996 0.847,-1.996 0,0 -0.909,-0.227 -0.822,0 0.031,0.083 -0.024,0.267 -0.134,0.486 l -1.728,-0.95 c 0,0 -0.649,-3.377 -2.727,-4.611 0,10e-4 2.11,2.778 1.948,4.222 z m 5.249,2.782 -0.828,-0.456 c 0.987,0.195 0.9,0.389 0.828,0.456 z m -1.568,0.868 c -0.483,-0.047 -1.059,-0.182 -1.084,-0.556 -0.002,-0.025 0,-0.055 0.002,-0.083 l 1.082,0.639 z m -1.082,-0.641 c 10e-4,-0.032 0.004,-0.064 0.008,-0.1 -0.004,0.036 -0.008,0.07 -0.008,0.1 z m 0.193,-2.155 c 0.049,-0.032 0.504,0.081 0.504,0.081 -0.292,0.228 -0.52,1.443 -0.795,2.061 -0.186,0.417 0.682,0.619 1.268,0.707 l 0.334,0.197 0.118,0.07 0.295,0.175 0.098,0.058 0.007,0.004 -0.161,0.23 C 45.1,19.286 43.677,20.433 42.95,21.017 42.763,20.65 42.568,20.303 42.369,19.987 42.136,19.618 41.95,19.36 41.8,19.182 c 0.238,-1.068 0.336,-2.296 0.735,-2.411 0.229,-0.065 0.513,-0.501 0.745,-0.92 0.072,-0.099 0.141,-0.199 0.204,-0.296 l -0.037,-0.02 c 0.14,-0.275 0.24,-0.49 0.257,-0.502 z"
   id="path45"
   inkscape:connector-curvature="0" />
		<path
   d="m 28.802,19.013 c -1.524,-3.651 -1.138,-5.694 -1.138,-5.694 0,0 -1.104,-0.178 0.52,4.838 1.549,4.786 2.65,3.892 2.749,3.799 -0.076,0.067 -0.705,0.471 -2.131,-2.943 z"
   id="path47"
   inkscape:connector-curvature="0" />
		<path
   d="m 30.936,21.952 0,0 0,0 z"
   id="path49"
   inkscape:connector-curvature="0" />
		<path
   d="m 30.94,21.949 c 0,0 -0.001,10e-4 -0.004,0.003 0.003,-0.002 0.004,-0.003 0.004,-0.003 z"
   id="path51"
   inkscape:connector-curvature="0" />
		<path
   d="m 30.936,21.953 c 0,0.001 -0.002,0.002 -0.004,0.004 0.002,-0.002 0.003,-0.003 0.004,-0.004 z"
   id="path53"
   inkscape:connector-curvature="0" />
		<path
   d="m 29.119,22.081 c 1.649,1.625 2.506,0.842 2.506,0.842 -1.23,0.063 -2.506,-0.842 -2.506,-0.842 z"
   id="path55"
   inkscape:connector-curvature="0" />
		<path
   d="m 29.119,23.111 c 2.104,1.423 2.831,0 2.831,0 -1.558,0.839 -2.831,0 -2.831,0 z"
   id="path57"
   inkscape:connector-curvature="0" />
		<path
   d="m 29.612,24.092 c 1.948,0.714 2.921,0 2.921,0 -1.055,0.262 -2.921,0 -2.921,0 z"
   id="path59"
   inkscape:connector-curvature="0" />
		<path
   d="m 54.032,10.628 c -0.053,-0.064 -0.104,-0.124 -0.151,-0.174 0,0 0.056,0.063 0.151,0.174 z"
   id="path61"
   inkscape:connector-curvature="0" />
		<path
   d="m 56.87,16.137 c 0.255,-1.768 -2.199,-4.764 -2.838,-5.509 0.198,0.239 0.439,0.57 0.696,0.959 1.043,1.578 2.328,4.061 1.931,4.784 -0.519,0.948 -4.87,-1.37 -4.87,-1.37 0,0 4.789,3.165 5.081,1.136 z"
   id="path63"
   inkscape:connector-curvature="0" />
		<path
   d="m 54.971,19.771 c -1.153,-0.033 -3.023,-2.722 -3.172,-2.94 1.001,1.417 0.87,2 0.87,2 1.938,0.325 0.84,2.497 0.84,2.497 0.748,-0.002 1.462,-1.557 1.462,-1.557 z"
   id="path65"
   inkscape:connector-curvature="0" />
		<path
   d="m 51.799,16.832 c -0.004,-0.005 -0.007,-0.01 -0.011,-0.016 0.001,0 0.005,0.006 0.011,0.016 z"
   id="path67"
   inkscape:connector-curvature="0" />
		<path
   d="m 52.194,15.492 c -0.006,-0.008 -0.011,-0.015 -0.016,-0.022 0.001,0 0.007,0.009 0.016,0.022 z"
   id="path69"
   inkscape:connector-curvature="0" />
		<path
   d="m 55.944,17.273 c -0.671,2.478 -3.524,-1.464 -3.75,-1.781 3.783,5.435 3.75,1.781 3.75,1.781 z"
   id="path71"
   inkscape:connector-curvature="0" />
		<path
   d="m 50.993,16.922 c 0.384,5.278 1.936,4.557 1.936,4.557 -1.316,-0.585 -1.936,-4.557 -1.936,-4.557 z"
   id="path73"
   inkscape:connector-curvature="0" />
		<path
   d="m 53.379,14.569 c 0,0 4.124,1.444 1.208,-0.934 10e-4,0 2.299,1.996 -1.208,0.934 z"
   id="path75"
   inkscape:connector-curvature="0" />
		<path
   d="m 55.445,22.369 c -0.15,0.108 -0.334,0.187 -0.334,0.187 0.211,-0.059 0.305,-0.123 0.334,-0.187 z"
   id="path77"
   inkscape:connector-curvature="0" />
		<path
   d="m 33.046,15.605 c -0.152,-1.526 -0.943,-3.651 -4.014,-4.38 0.757,0.208 3.163,1.108 3.801,4.245 0.109,0.534 0.166,1.133 0.155,1.804 0,0 0.125,-0.59 0.078,-1.409 0.572,0.974 2.059,3.539 2.859,5.224 -0.676,-1.799 -1.883,-4.704 -2.879,-5.484 z"
   id="path79"
   inkscape:connector-curvature="0" />
		<path
   d="m 30.334,32.73 c -0.485,-0.129 -0.994,-0.3 -1.532,-0.521 0,0 0.61,0.337 1.532,0.521 z"
   id="path81"
   inkscape:connector-curvature="0" />
		<path
   d="m 37.015,14.222 c 0.045,2.392 -0.147,4.278 -0.496,5.764 0.836,-2.816 0.496,-5.764 0.496,-5.764 z"
   id="path83"
   inkscape:connector-curvature="0" />
		<path
   d="m 37.798,15.47 c 0.01,1.064 -0.023,2.029 -0.093,2.906 0.183,-1.657 0.093,-2.906 0.093,-2.906 z"
   id="path85"
   inkscape:connector-curvature="0" />
		<path
   d="m 38.417,18.721 c 0,-1.389 -0.174,-2.35 -0.174,-2.35 0.097,0.838 0.153,1.619 0.174,2.35 z"
   id="path87"
   inkscape:connector-curvature="0" />
		<path
   d="m 50.756,20.461 c -0.479,0.36 -1.824,1.466 -0.45,1.575 0.193,0.015 0.408,0.027 0.637,0.035 0.12,0.005 0.243,0.008 0.368,0.012 1.673,0.041 3.8,-0.047 3.8,-0.047 0,0 0.413,0.162 0.334,0.333 0.063,-0.045 0.119,-0.096 0.153,-0.147 l 10e-4,10e-4 c 0,0 0.557,-0.642 0.345,-3.15 0,0 0.089,2.899 -0.693,2.796 l 0.001,0.001 c -0.524,-0.13 -1.68,-0.188 -4.018,-0.055 -0.155,-0.597 -0.284,-1.52 -0.322,-2.952 -0.113,-4.318 0.439,-6.104 1.421,-6.331 0.982,-0.228 1.626,-0.677 2.255,-0.422 0.629,0.255 -0.088,-0.623 -0.088,-0.623 0,0 -0.727,-0.174 -1.581,0.226 -0.037,-0.142 -0.209,-0.396 -0.951,-0.556 0,0 0.768,0.275 0.926,0.569 -0.735,0.353 -1.56,1.133 -2.096,2.819 0,0 -0.085,2.763 -0.063,4.886 -0.177,0.086 -0.375,0.203 -0.584,0.34 0.248,-0.138 0.45,-0.249 0.584,-0.322 0.003,0.362 0.011,0.705 0.021,1.012 z"
   id="path89"
   inkscape:connector-curvature="0" />
		<path
   d="m 56.172,16.986 c 0,0 0.52,6.001 -0.064,6.001 -0.585,0 -1.52,-0.432 -1.52,-0.432 0,0 -1.281,0.14 -2.608,0.34 l -0.011,0.001 c 0,0 -0.008,0.002 -0.022,0.003 -0.228,0.035 -0.455,0.07 -0.679,0.108 -1.076,0.18 -2.031,0.39 -2.174,0.586 -0.347,0.476 -3.896,0.389 -4.329,0.562 -0.058,0.023 -0.256,0.064 -0.557,0.116 -0.163,0.029 -0.356,0.06 -0.573,0.094 -0.465,0.072 -1.041,0.156 -1.674,0.243 -0.163,0.022 -0.328,0.044 -0.497,0.067 -0.412,0.055 -0.838,0.109 -1.271,0.162 -0.077,0.009 -0.155,0.019 -0.233,0.028 -0.228,0.027 -0.457,0.055 -0.684,0.08 -0.038,0.005 -0.077,0.009 -0.115,0.014 -0.118,0.013 -0.236,0.026 -0.353,0.039 -0.234,0.026 -0.464,0.05 -0.688,0.072 -0.302,0.03 -0.594,0.057 -0.871,0.081 -0.185,0.016 -0.359,0.029 -0.529,0.041 -0.508,0.037 -0.944,0.056 -1.262,0.05 C 35.239,25.239 35.075,25.224 34.979,25.196 34.92,25.179 34.853,25.142 34.778,25.09 34.581,24.955 34.334,24.71 34.056,24.393 33.96,24.284 33.86,24.164 33.759,24.04 c -1.398,-1.708 -3.282,-4.689 -3.282,-4.689 0.225,1.521 1.917,3.568 3.073,4.818 -1.006,0.595 -2.294,0.927 -3.939,0.839 0,0 2.25,0.893 4.271,-0.489 0.349,0.365 0.614,0.622 0.715,0.719 -1.01,0.79 -2.332,1.284 -4.064,1.256 0,0 2.61,1.064 4.702,-1.015 0.326,0.021 0.771,0.015 1.291,-0.009 -1.291,1.771 -3.425,3.151 -6.915,3.361 0,0 5.017,0.924 7.48,-3.393 0.305,-0.02 0.627,-0.044 0.96,-0.072 -1.752,7.39 -5.577,7.791 -7.719,7.363 5.595,1.494 7.697,-2.903 8.428,-7.428 0.117,-0.011 0.233,-0.023 0.352,-0.034 -1.519,9.494 -6.354,13.263 -8.48,14.489 -0.525,-0.072 -1.065,-0.146 -1.065,-0.146 0,0 -2.684,-1.948 -4.762,0 0,0 0.754,-16.823 1.699,-24.382 0.029,0.145 0.055,0.226 0.055,0.226 0,0 0.024,-0.122 0.071,-0.325 0,0.001 2.487,7.55 2.171,9.479 -0.316,1.928 -5.292,2.708 -1.072,6.777 0,0 -3.313,3.609 -2.188,4.056 0,0 2.251,-3.767 3.291,-4.084 0,0 -0.606,-0.836 -1.536,-1.53 -0.929,-0.692 -0.542,-1.731 0.36,-2.65 0.901,-0.919 1.462,-2.263 1.462,-2.263 0.484,-3.34 -2.487,-9.783 -2.488,-9.784 0.14,-0.612 0.481,-1.964 0.968,-2.987 0.649,-1.364 0.779,-0.455 3.052,-1.753 2.273,-1.299 2.337,-3.767 2.337,-3.767 0,0 -0.23,-1.415 0.687,-1.364 0.726,0.041 0.612,0.455 0.612,0.91 0,0.455 0.844,1.299 0.844,1.299 0,0 0.603,0.375 -0.584,1.227 -1.187,0.852 1.04,2.929 4.708,5.061 C 42.8,15.816 39.14,10.345 38.89,9.977 38.944,9.777 38.993,9.5 38.865,9.449 38.662,9.368 38.833,8.696 38.833,8.696 c 0,0 -0.292,-0.212 -0.795,-0.277 L 37.767,8.338 c 0.018,0.054 0.088,0.131 0.335,0.162 0.398,0.048 0.682,0.172 0.682,0.195 0,0.023 -0.003,0.234 -0.05,0.38 -0.047,0.146 0.058,0.431 0.123,0.431 0.046,0 0.047,0.241 0.02,0.449 -0.008,-0.002 -2.209,-0.67 -2.836,-1.837 -0.385,-0.717 -0.52,-1.494 -0.52,-1.494 1.582,-2.401 2.268,-1.575 3.103,-1.866 0.083,0.217 0.178,0.485 0.168,0.551 -0.016,0.113 -0.282,0.495 -0.125,0.706 0.157,0.211 0.482,0.527 0.499,0.617 0.016,0.089 0.392,0.542 0.349,0.836 -0.043,0.294 -0.153,0.484 -0.446,0.39 -0.286,-0.092 -0.236,0.333 -0.236,0.333 0,0 0.026,0.269 -0.166,0.187 -0.192,-0.081 -0.902,-0.097 -0.902,-0.097 0,0 -0.008,0.024 0.002,0.057 0.023,0.002 0.774,0.081 0.967,0.113 0.196,0.032 0.131,-0.324 0.131,-0.324 0,0 0.057,-0.244 0.106,-0.244 0.048,0 0.397,0.13 0.568,-0.227 0.17,-0.357 -0.415,-1.186 -0.415,-1.186 0,0 -0.564,-0.512 -0.456,-0.78 C 38.765,5.451 39.006,5.423 38.661,4.743 38.741,4.712 38.82,4.672 38.903,4.617 39.877,3.968 38.638,3.116 38.638,3.116 37.599,1.363 33.767,2.077 33.767,2.077 27.988,2.986 30.65,7.986 30.65,7.986 30.207,8.275 29.813,8.566 29.455,8.858 L 28.182,8.051 c 0,0 0,-4.936 -8.312,-8.052 0,0 7.273,3.636 7.144,7.792 L 18.83,5.348 c 0.104,-0.382 0.029,-0.773 -0.387,-0.998 0,0 -0.369,-0.023 -0.969,0.592 L 7.014,1.818 12.579,4.416 0,10.39 v 0.519 c 0,0 11.764,-5.574 14.806,-5.714 0.626,-0.029 1.396,0.082 2.223,0.274 -0.279,0.375 -0.59,0.875 -0.924,1.544 -1.227,2.454 -1.929,-0.871 -4.941,5.126 -2.939,1.111 -6.375,3.219 -8.437,7.212 0,0 3.181,-4.022 7.871,-6.032 -0.17,0.37 -0.348,0.768 -0.532,1.195 0,0 0.826,0.487 1.874,0 0,0 -0.445,4.968 -1.094,5.422 0,0 1.883,-0.649 2.273,1.494 0.389,2.143 0.26,2.922 0.26,2.922 l 1.428,1.559 h 1.429 c 0,0 0.132,-0.445 -1.429,-2.078 -1.562,-1.633 0.65,-8.702 0.65,-8.702 l 1.018,-3.088 c 1.522,-0.674 7.38,-3.194 9.631,-3.082 2.064,0.103 2.406,0.534 2.459,0.707 -0.714,0.728 -1.197,1.444 -1.522,2.113 -0.49,0.452 -1.575,2.433 -2.236,11.069 -0.144,1.886 -0.287,3.664 -0.419,5.334 -0.838,0 -4.982,-0.099 -10.88,-1.95 -6.624,-2.079 -8.961,1.95 -8.961,1.95 0,0 -8.182,2.856 0.779,22.987 0,0 -3.497,-16.342 -0.909,-20.65 0,0 0.129,7.663 5.325,12.079 0,0 0.129,3.377 -1.689,5.195 0,0 1.559,3.247 2.857,7.403 0,0 1.26,0.779 1.929,1.948 0.668,1.169 2.487,1.559 2.487,1.559 0,0 -5.456,-5.195 -4.936,-8.832 0.277,-1.938 1.624,-5.169 3.137,-7.803 1.453,4.015 0.239,8.322 0.239,8.322 3.637,0.52 7.275,8.514 8.052,8.573 0.649,0.048 2.468,-0.26 2.468,-0.26 -4.286,-3.117 -7.792,-8.702 -7.792,-8.702 0,0 -0.91,-0.39 0,-4.286 0.687,-2.944 0.781,-6.406 0.785,-7.923 1.83,-0.224 5.556,1.151 6.43,1.486 -0.027,2.404 0.127,4.139 0.577,5.138 0,0 -0.39,-5.455 4.871,-4.806 0.974,1.494 0.455,4.741 0.455,4.741 -2.922,3.832 -2.338,4.287 -2.338,4.287 1.104,1.948 0,9.026 0,10.065 0,1.039 2.273,1.234 2.338,1.091 0.064,-0.144 0.737,-0.572 3.74,-0.144 3.003,0.43 1.974,-0.243 1.974,-0.243 -0.389,0.314 -1.234,0.334 -1.974,0 -0.74,-0.335 -1.792,-0.444 -3.74,-0.055 -1.948,0.389 -2.338,-1.429 -1.888,-1.429 0.45,0 0.589,-8.247 0.07,-9.352 -0.397,-0.843 0.987,-1.687 1.897,-2.964 0.912,0.241 9.582,1.931 10.489,-20.456 0.447,-0.05 0.889,-0.104 1.312,-0.159 0.278,3.265 0.379,6.962 0.589,11.111 0.476,9.438 -1.833,11.797 -1.833,11.797 1.458,-0.715 1.833,-2.49 1.833,-2.49 0.372,-4.396 0.424,-14.304 -0.093,-20.484 0.655,-0.088 1.245,-0.175 1.711,-0.253 0.08,0.39 0.121,0.635 0.121,0.635 0,0 0.252,19.497 0.278,21.661 0.021,1.697 -0.351,1.903 -0.513,1.913 0.675,0.145 1.302,2.216 1.478,2.842 -0.283,-1.613 -0.403,-13.002 -0.446,-19.86 0.123,0.019 0.251,0.009 0.365,-0.047 0.519,-0.26 0.882,-1.026 1.651,-1.299 0.794,-0.281 0.383,-1.039 0.383,-1.039 0,0 -0.125,-0.424 -0.137,-0.965 0.474,-0.107 1.031,-0.173 1.549,-0.532 0.128,0.646 0.223,1.113 0.223,1.113 0,0 -0.942,1.834 -1.604,2.365 -0.614,0.494 -0.37,0.747 -0.37,0.747 0,0 0.475,0.033 0.685,-0.346 0.2,-0.36 1.688,-1.602 1.688,-1.602 0,0 1.515,0 0.654,-1.345 -0.367,-0.573 -0.461,-1.583 -0.449,-2.554 0.065,-0.241 0.122,-0.49 0.171,-0.735 0.303,-0.789 0.915,-1.797 2.131,-2.381 0.152,0.062 0.339,0.057 0.572,-0.062 1.104,-0.568 3.75,-0.552 4.042,1.234 0.293,1.785 0.829,2.385 0.829,2.385 0,0 -0.146,-4.194 -0.828,-9.817 z M 16.878,10.819 17.533,8.831 c 0,0 -0.039,-2.179 0.58,-2.532 0.161,-0.092 0.316,-0.237 0.445,-0.41 2.828,0.884 5.729,2.293 5.729,2.293 l -7.409,2.637 z m 13.706,28.968 c -0.339,0.193 -0.604,0.319 -0.771,0.392 -0.099,-0.25 -0.18,-0.429 -0.219,-0.513 0.396,0.049 0.723,0.088 0.99,0.121 z m -0.876,5.798 c 0.274,-0.389 0.504,-0.817 0.626,-1.298 0.369,-1.457 -0.156,-3.169 -0.503,-4.063 0.505,-0.079 0.985,-0.198 1.439,-0.357 0.496,0.056 0.382,0.034 0.045,-0.015 5.335,-1.902 7.252,-9.025 7.925,-14.597 0.23,-0.023 0.46,-0.048 0.691,-0.074 -0.704,7.569 -2.969,20.381 -10.223,20.404 z M 45.47,30.045 c 0,0 -0.228,0.825 -0.857,1.103 -0.013,-2.23 -0.017,-3.87 -0.016,-4.344 10e-4,-0.662 -0.116,-1.432 -0.314,-2.233 0.216,-0.043 0.369,-0.081 0.439,-0.11 0.222,-0.091 0.685,-0.131 1.239,-0.159 0.067,0.804 0.381,5.077 -0.491,5.743 z m 4.107,-5.291 c 0.017,-0.114 0.032,-0.222 0.045,-0.323 -0.019,0.121 -0.041,0.24 -0.064,0.357 -0.003,0.005 -0.006,0.011 -0.009,0.017 0.033,-0.181 0.064,-0.359 0.091,-0.524 -0.006,0.048 -0.012,0.098 -0.019,0.15 0.012,-0.081 0.023,-0.162 0.034,-0.244 0.033,-0.211 0.058,-0.395 0.068,-0.529 0.359,-0.178 0.983,-0.356 1.671,-0.514 0.015,0.013 0.031,0.024 0.047,0.035 -0.666,0.267 -1.406,0.739 -1.864,1.575 z"
   id="path91"
   inkscape:connector-curvature="0" />
		<path
   d="m 43.584,48.885 c -0.025,-0.005 -0.049,-0.009 -0.074,-0.009 0.001,0 0.03,0.012 0.074,0.009 z"
   id="path93"
   inkscape:connector-curvature="0" />
		<path
   d="m 45.062,51.728 c 0.016,0.09 0.032,0.153 0.049,0.18 0,-0.001 -0.018,-0.068 -0.049,-0.18 z"
   id="path95"
   inkscape:connector-curvature="0" />
		<path
   d="m 43.482,25.153 c 0,0 -0.099,18.161 -0.328,18.161 -0.229,0 0.364,6.753 -1.167,6.104 -0.275,-0.117 -0.474,-0.211 -0.62,-0.288 0.364,0.738 1.204,2.537 1.406,3.817 0,0 1.389,-23.372 0.709,-27.794 z"
   id="path97"
   inkscape:connector-curvature="0" />
		<path
   d="m 41.196,48.791 c 0,0 -0.495,-0.014 0.171,0.339 -0.103,-0.211 -0.171,-0.339 -0.171,-0.339 z"
   id="path99"
   inkscape:connector-curvature="0" />
		<path
   d="m 41.018,25.87 c 0,0 -1.068,20.842 -2.644,21.188 0,10e-4 2.36,2.822 2.644,-21.188 z"
   id="path101"
   inkscape:connector-curvature="0" />
		<path
   d="m 29.098,53.65 c -0.583,0.249 -0.982,0.417 -0.982,0.417 0.288,-0.077 0.624,-0.226 0.982,-0.417 z"
   id="path103"
   inkscape:connector-curvature="0" />
		<path
   d="m 32.885,50.955 c 0,0 -2.129,1.81 -3.787,2.695 1.292,-0.554 3.491,-1.508 4.254,-1.922 1.108,-0.599 5.491,-3.11 5.507,-13.579 10e-4,-10e-4 -1.662,12.026 -5.974,12.806 z"
   id="path105"
   inkscape:connector-curvature="0" />
		<path
   d="m 38.949,58.867 c 0.352,0.034 0.731,0.063 1.081,0.075 -0.148,-0.126 -0.558,-0.119 -1.081,-0.075 z"
   id="path107"
   inkscape:connector-curvature="0" />
		<path
   d="m 43.507,58.704 c -0.648,-0.043 -5.884,-0.822 -5.387,-2.728 0.43,-1.649 0.669,-3.626 0.726,-4.126 1.225,-0.842 2.013,-1.832 1.887,-2.964 0,0 -1.658,3.8 -11.931,6.485 0,0 0.6,-0.109 1.532,-0.322 l 0,0 c 0,0 -1.465,1.967 1.028,2.833 2.493,0.865 2.969,1.087 2.969,1.087 0,0 1.336,-0.439 1.166,0 0,0 0.38,-0.778 -1.166,-0.265 0,0 -2.692,-1.442 -2.969,-1.695 -0.272,-0.247 -0.981,-0.196 -0.837,-2.006 1.32,-0.308 3.213,-0.811 5.013,-1.501 0,0.002 0.568,2.469 0.568,3.425 0,0.956 -1.131,1.831 0.17,2.042 0.772,0.125 1.855,-0.033 2.672,-0.102 -0.728,-0.071 -1.342,-0.163 -1.342,-0.163 0,0 -1.327,0.39 -1.154,-1.428 0.173,-1.818 -0.914,-3.772 -0.915,-3.774 1.192,-0.457 2.341,-0.997 3.257,-1.617 -0.329,0.796 -1.779,4.423 -1.188,5.042 0.665,0.695 3.74,1.229 3.701,1.777 -0.015,0.215 -0.587,0.261 -1.278,0.238 0.011,0.009 0.025,0.017 0.033,0.027 0.287,0.385 3.636,0.385 3.636,0.385 l 0.625,-0.65 c 10e-4,0 -0.168,0.044 -0.816,0 z"
   id="path109"
   inkscape:connector-curvature="0" />
	</g>
</g>
<g
   id="g111"
   transform="matrix(2.0482537,0,0,2.0482537,0,-0.19895174)">
	<rect
   x="66.577003"
   y="11.933"
   style="fill:none"
   width="125"
   height="44.667"
   id="rect113" />
	<path
   d="m 72.856,8.851 c -0.922,0 -1.754,0.041 -2.496,0.123 -0.742,0.082 -1.383,0.17 -1.922,0.264 -0.625,0.117 -1.184,0.246 -1.676,0.387 l 0.34,-1.898 c 0.094,0.008 0.234,0.016 0.422,0.023 0.188,0.007 0.396,0.016 0.627,0.023 0.231,0.007 0.473,0.014 0.727,0.018 0.254,0.004 0.494,0.008 0.721,0.012 0.227,0.004 0.428,0.008 0.604,0.012 0.176,0.004 0.303,0.006 0.381,0.006 h 6.691 c 0.078,0 0.205,-0.002 0.381,-0.006 0.176,-0.004 0.377,-0.008 0.604,-0.012 0.227,-0.004 0.467,-0.008 0.721,-0.012 0.254,-0.004 0.496,-0.01 0.727,-0.018 0.231,-0.008 0.439,-0.016 0.627,-0.023 0.188,-0.007 0.328,-0.016 0.422,-0.023 l 0.34,1.898 C 80.597,9.484 80.035,9.355 79.409,9.238 78.87,9.144 78.229,9.056 77.487,8.974 76.745,8.892 75.913,8.851 74.991,8.851 v 11.191 c 0,0.664 0.01,1.244 0.029,1.74 0.019,0.496 0.043,0.924 0.07,1.283 0.027,0.359 0.062,0.66 0.105,0.902 0.043,0.242 0.088,0.445 0.135,0.609 v 0.047 h -2.801 v -0.047 c 0.047,-0.164 0.09,-0.367 0.129,-0.609 0.039,-0.242 0.074,-0.543 0.105,-0.902 0.031,-0.359 0.055,-0.787 0.07,-1.283 0.015,-0.496 0.023,-1.076 0.023,-1.74 V 8.851 z"
   id="path115"
   inkscape:connector-curvature="0" />
	<path
   d="m 93.195,16.585 c -0.312,-0.008 -0.703,-0.014 -1.172,-0.018 -0.469,-0.004 -0.979,-0.01 -1.529,-0.018 -0.55,-0.008 -1.125,-0.014 -1.723,-0.018 -0.598,-0.004 -1.182,-0.008 -1.752,-0.012 -0.57,-0.004 -1.113,-0.002 -1.629,0.006 -0.516,0.008 -0.965,0.02 -1.348,0.035 v 3.48 c 0,0.664 0.01,1.244 0.029,1.74 0.019,0.496 0.043,0.924 0.07,1.283 0.027,0.359 0.062,0.66 0.105,0.902 0.043,0.242 0.088,0.445 0.135,0.609 v 0.047 H 81.57 v -0.047 c 0.047,-0.164 0.092,-0.367 0.135,-0.609 0.043,-0.242 0.08,-0.543 0.111,-0.902 0.031,-0.359 0.055,-0.787 0.07,-1.283 0.015,-0.496 0.023,-1.076 0.023,-1.74 v -7.629 c 0,-0.664 -0.008,-1.244 -0.023,-1.74 C 81.871,10.175 81.847,9.745 81.816,9.382 81.785,9.019 81.748,8.716 81.705,8.474 81.662,8.232 81.617,8.029 81.57,7.865 V 7.82 h 2.812 v 0.047 c -0.047,0.164 -0.092,0.367 -0.135,0.609 -0.043,0.242 -0.078,0.545 -0.105,0.908 -0.027,0.363 -0.051,0.793 -0.07,1.289 -0.019,0.496 -0.029,1.076 -0.029,1.74 v 3 c 0.406,0.016 0.867,0.025 1.383,0.029 0.516,0.004 1.055,0.004 1.617,0 0.562,-0.004 1.135,-0.01 1.717,-0.018 0.582,-0.008 1.145,-0.018 1.688,-0.029 0.543,-0.011 1.051,-0.025 1.523,-0.041 0.472,-0.016 0.881,-0.031 1.225,-0.047 v -2.895 c 0,-0.664 -0.01,-1.244 -0.029,-1.74 C 93.148,10.176 93.124,9.746 93.097,9.383 93.07,9.02 93.035,8.717 92.992,8.475 92.949,8.233 92.904,8.03 92.857,7.866 V 7.82 h 2.812 v 0.047 c -0.047,0.164 -0.092,0.367 -0.135,0.609 -0.043,0.242 -0.08,0.545 -0.111,0.908 -0.031,0.363 -0.055,0.793 -0.07,1.289 -0.015,0.496 -0.023,1.076 -0.023,1.74 v 7.629 c 0,0.664 0.008,1.244 0.023,1.74 0.015,0.496 0.039,0.924 0.07,1.283 0.031,0.359 0.068,0.66 0.111,0.902 0.043,0.242 0.088,0.445 0.135,0.609 v 0.047 h -2.812 v -0.047 c 0.047,-0.164 0.092,-0.367 0.135,-0.609 0.043,-0.242 0.078,-0.543 0.105,-0.902 0.027,-0.359 0.051,-0.787 0.07,-1.283 0.019,-0.496 0.029,-1.076 0.029,-1.74 v -3.457 z"
   id="path117"
   inkscape:connector-curvature="0" />
	<path
   d="m 100.732,7.808 c 0.965,-0.008 1.85,-0.018 2.654,-0.029 0.804,-0.011 1.492,-0.029 2.062,-0.053 0.57,-0.024 0.957,-0.055 1.16,-0.094 l -0.574,1.559 c -0.258,-0.07 -0.559,-0.133 -0.902,-0.188 -0.297,-0.047 -0.658,-0.092 -1.084,-0.135 -0.426,-0.043 -0.916,-0.064 -1.471,-0.064 -0.188,0 -0.412,0.006 -0.674,0.018 -0.262,0.012 -0.514,0.025 -0.756,0.041 -0.281,0.016 -0.566,0.031 -0.855,0.047 v 6.398 c 0.805,-0.008 1.531,-0.031 2.18,-0.07 0.649,-0.039 1.199,-0.078 1.652,-0.117 0.531,-0.047 1,-0.102 1.406,-0.164 l -0.363,1.699 c -0.539,-0.07 -1.09,-0.137 -1.652,-0.199 -0.484,-0.055 -1.012,-0.104 -1.582,-0.146 -0.57,-0.042 -1.117,-0.064 -1.641,-0.064 v 7.348 c 0.922,0 1.77,-0.039 2.543,-0.117 0.773,-0.078 1.449,-0.168 2.027,-0.27 0.672,-0.109 1.285,-0.238 1.84,-0.387 l -0.34,1.898 c -0.094,-0.008 -0.234,-0.016 -0.422,-0.023 -0.188,-0.007 -0.396,-0.016 -0.627,-0.023 -0.231,-0.007 -0.473,-0.014 -0.727,-0.018 -0.254,-0.004 -0.494,-0.008 -0.721,-0.012 -0.227,-0.004 -0.428,-0.008 -0.604,-0.012 -0.176,-0.004 -0.303,-0.006 -0.381,-0.006 h -5.06 v -0.047 c 0.047,-0.164 0.092,-0.367 0.135,-0.609 0.043,-0.242 0.08,-0.543 0.111,-0.902 0.031,-0.359 0.055,-0.787 0.07,-1.283 0.015,-0.496 0.023,-1.076 0.023,-1.74 v -7.629 c 0,-0.664 -0.008,-1.244 -0.023,-1.74 C 98.121,10.179 98.097,9.749 98.066,9.386 98.035,9.023 97.998,8.72 97.955,8.478 97.912,8.236 97.867,8.033 97.82,7.869 V 7.82 c 0.977,0 1.948,-0.004 2.912,-0.012 z"
   id="path119"
   inkscape:connector-curvature="0" />
	<path
   d="m 114.381,7.82 c 0.156,0.016 0.32,0.031 0.492,0.047 0.148,0.016 0.314,0.025 0.498,0.029 0.184,0.004 0.373,0.006 0.568,0.006 0.305,0 0.717,-0.037 1.236,-0.111 0.519,-0.074 1.182,-0.111 1.986,-0.111 0.75,0 1.443,0.109 2.08,0.328 0.637,0.219 1.189,0.539 1.658,0.961 0.469,0.422 0.834,0.936 1.096,1.541 0.262,0.605 0.393,1.295 0.393,2.068 0,1.039 -0.207,1.938 -0.621,2.695 -0.414,0.757 -0.969,1.371 -1.664,1.84 -0.695,0.469 -1.496,0.787 -2.402,0.955 -0.906,0.168 -1.855,0.178 -2.848,0.029 v 1.945 c 0,0.664 0.01,1.244 0.029,1.74 0.019,0.496 0.043,0.924 0.07,1.283 0.027,0.359 0.062,0.66 0.105,0.902 0.043,0.242 0.088,0.445 0.135,0.609 v 0.047 h -2.812 v -0.047 c 0.047,-0.164 0.092,-0.367 0.135,-0.609 0.043,-0.242 0.08,-0.543 0.111,-0.902 0.031,-0.359 0.055,-0.787 0.07,-1.283 0.015,-0.496 0.023,-1.076 0.023,-1.74 v -7.629 c 0,-0.664 -0.008,-1.244 -0.023,-1.74 -0.015,-0.496 -0.039,-0.926 -0.07,-1.289 -0.031,-0.363 -0.068,-0.666 -0.111,-0.908 -0.043,-0.242 -0.088,-0.445 -0.135,-0.609 V 7.82 z m 2.473,9.363 c 0.766,0.141 1.467,0.154 2.104,0.041 0.637,-0.113 1.184,-0.355 1.641,-0.727 0.457,-0.372 0.812,-0.873 1.066,-1.506 0.254,-0.633 0.381,-1.406 0.381,-2.32 0,-0.633 -0.066,-1.209 -0.199,-1.729 -0.133,-0.52 -0.33,-0.961 -0.592,-1.324 -0.262,-0.363 -0.592,-0.645 -0.99,-0.844 -0.398,-0.199 -0.863,-0.299 -1.395,-0.299 -0.336,0 -0.629,0.014 -0.879,0.041 -0.25,0.027 -0.461,0.057 -0.633,0.088 -0.203,0.039 -0.371,0.082 -0.504,0.129 v 8.45 z"
   id="path121"
   inkscape:connector-curvature="0" />
	<path
   d="m 136.513,24.625 v -0.047 c 0.016,-0.039 0.027,-0.098 0.035,-0.176 0.008,-0.078 0.012,-0.148 0.012,-0.211 0,-0.242 -0.033,-0.51 -0.1,-0.803 -0.067,-0.293 -0.193,-0.658 -0.381,-1.096 l -1.418,-3.188 c -0.438,-0.016 -1.02,-0.023 -1.746,-0.023 -0.726,0 -1.512,0 -2.355,0 -0.617,0 -1.213,0 -1.787,0 -0.574,0 -1.092,0.008 -1.553,0.023 l -1.348,3.094 c -0.117,0.289 -0.242,0.605 -0.375,0.949 -0.133,0.344 -0.199,0.691 -0.199,1.043 0,0.102 0.008,0.186 0.023,0.252 0.015,0.066 0.031,0.111 0.047,0.135 v 0.047 h -2.391 v -0.047 c 0.141,-0.148 0.316,-0.412 0.527,-0.791 0.211,-0.379 0.441,-0.854 0.691,-1.424 L 130.91,7.467 h 0.938 l 6.363,14.32 c 0.148,0.336 0.303,0.662 0.463,0.979 0.16,0.317 0.311,0.6 0.451,0.85 0.14,0.25 0.266,0.461 0.375,0.633 0.109,0.172 0.184,0.281 0.223,0.328 v 0.047 h -3.21 z m -7.594,-6.551 c 0.453,0 0.918,-0.002 1.395,-0.006 0.477,-0.004 0.943,-0.008 1.4,-0.012 0.457,-0.004 0.896,-0.008 1.318,-0.012 0.422,-0.004 0.805,-0.01 1.148,-0.018 l -3.293,-7.441 -3.234,7.488 h 1.266 z"
   id="path123"
   inkscape:connector-curvature="0" />
	<path
   d="m 140.07,24.578 c 0.047,-0.164 0.09,-0.367 0.129,-0.609 0.039,-0.242 0.074,-0.543 0.105,-0.902 0.031,-0.359 0.055,-0.787 0.07,-1.283 0.015,-0.496 0.023,-1.076 0.023,-1.74 v -7.629 c 0,-0.664 -0.008,-1.244 -0.023,-1.74 -0.015,-0.496 -0.039,-0.926 -0.07,-1.289 C 140.273,9.023 140.238,8.72 140.199,8.478 140.16,8.236 140.117,8.033 140.07,7.869 V 7.82 h 2.801 v 0.047 c -0.047,0.164 -0.092,0.367 -0.135,0.609 -0.043,0.242 -0.078,0.545 -0.105,0.908 -0.027,0.363 -0.051,0.793 -0.07,1.289 -0.019,0.496 -0.029,1.076 -0.029,1.74 v 7.629 c 0,0.664 0.01,1.244 0.029,1.74 0.019,0.496 0.043,0.924 0.07,1.283 0.027,0.359 0.062,0.66 0.105,0.902 0.043,0.242 0.088,0.445 0.135,0.609 v 0.047 h -2.801 v -0.045 z"
   id="path125"
   inkscape:connector-curvature="0" />
	<path
   d="m 145.128,7.773 c 0.18,0.008 0.348,0.016 0.504,0.023 0.133,0.008 0.27,0.014 0.41,0.018 0.14,0.004 0.254,0.006 0.34,0.006 0.148,0 0.396,-0.008 0.744,-0.023 0.348,-0.015 0.744,-0.031 1.189,-0.047 0.445,-0.016 0.908,-0.031 1.389,-0.047 0.481,-0.016 0.932,-0.023 1.354,-0.023 1.133,0 2.211,0.141 3.234,0.422 1.023,0.281 1.922,0.742 2.695,1.383 0.773,0.641 1.387,1.48 1.84,2.52 0.453,1.04 0.68,2.316 0.68,3.832 0,1.086 -0.119,2.062 -0.357,2.93 -0.238,0.868 -0.572,1.633 -1.002,2.297 -0.43,0.664 -0.943,1.232 -1.541,1.705 -0.598,0.473 -1.258,0.861 -1.98,1.166 -0.722,0.305 -1.494,0.527 -2.314,0.668 -0.82,0.141 -1.668,0.211 -2.543,0.211 -0.312,0 -0.689,-0.01 -1.131,-0.029 -0.442,-0.019 -0.885,-0.041 -1.33,-0.064 -0.445,-0.023 -0.865,-0.045 -1.26,-0.064 -0.395,-0.019 -0.701,-0.029 -0.92,-0.029 v -0.047 c 0.047,-0.164 0.092,-0.367 0.135,-0.609 0.043,-0.242 0.08,-0.543 0.111,-0.902 0.031,-0.359 0.055,-0.787 0.07,-1.283 0.015,-0.496 0.023,-1.076 0.023,-1.74 v -7.629 c 0,-0.664 -0.008,-1.248 -0.023,-1.752 -0.015,-0.504 -0.039,-0.938 -0.07,-1.301 -0.031,-0.363 -0.068,-0.67 -0.111,-0.92 -0.043,-0.25 -0.088,-0.457 -0.135,-0.621 V 7.773 z m 2.566,1.055 c -0.016,0.875 -0.031,1.723 -0.047,2.543 -0.008,0.352 -0.014,0.711 -0.018,1.078 -0.004,0.367 -0.008,0.729 -0.012,1.084 -0.004,0.355 -0.008,0.695 -0.012,1.02 -0.004,0.325 -0.006,0.611 -0.006,0.861 0,0.523 0.004,1.156 0.012,1.898 0.008,0.742 0.018,1.504 0.029,2.285 0.011,0.781 0.029,1.531 0.053,2.25 0.024,0.719 0.051,1.316 0.082,1.793 0.109,0.016 0.256,0.033 0.439,0.053 0.183,0.02 0.377,0.035 0.58,0.047 0.203,0.012 0.402,0.021 0.598,0.029 0.196,0.008 0.359,0.012 0.492,0.012 0.547,0 1.107,-0.037 1.682,-0.111 0.575,-0.074 1.129,-0.213 1.664,-0.416 0.535,-0.203 1.039,-0.482 1.512,-0.838 0.473,-0.356 0.887,-0.814 1.242,-1.377 0.355,-0.563 0.635,-1.24 0.838,-2.033 0.203,-0.793 0.305,-1.729 0.305,-2.807 0,-1.195 -0.145,-2.26 -0.434,-3.193 -0.289,-0.933 -0.713,-1.721 -1.271,-2.361 -0.558,-0.64 -1.25,-1.127 -2.074,-1.459 -0.824,-0.332 -1.771,-0.498 -2.842,-0.498 -0.211,0 -0.449,0.006 -0.715,0.018 -0.266,0.012 -0.529,0.023 -0.791,0.035 -0.262,0.012 -0.508,0.027 -0.738,0.047 -0.23,0.02 -0.419,0.032 -0.568,0.04 z"
   id="path127"
   inkscape:connector-curvature="0" />
	<path
   d="m 163.974,7.808 c 0.965,-0.008 1.85,-0.018 2.654,-0.029 0.804,-0.011 1.492,-0.029 2.062,-0.053 0.57,-0.024 0.957,-0.055 1.16,-0.094 l -0.574,1.559 c -0.258,-0.07 -0.559,-0.133 -0.902,-0.188 -0.297,-0.047 -0.658,-0.092 -1.084,-0.135 -0.426,-0.043 -0.916,-0.064 -1.471,-0.064 -0.188,0 -0.412,0.006 -0.674,0.018 -0.262,0.012 -0.514,0.025 -0.756,0.041 -0.281,0.016 -0.566,0.031 -0.855,0.047 v 6.398 c 0.805,-0.008 1.531,-0.031 2.18,-0.07 0.649,-0.039 1.199,-0.078 1.652,-0.117 0.531,-0.047 1,-0.102 1.406,-0.164 l -0.363,1.699 c -0.539,-0.07 -1.09,-0.137 -1.652,-0.199 -0.484,-0.055 -1.012,-0.104 -1.582,-0.146 -0.57,-0.042 -1.117,-0.064 -1.641,-0.064 v 7.348 c 0.922,0 1.77,-0.039 2.543,-0.117 0.773,-0.078 1.449,-0.168 2.027,-0.27 0.672,-0.109 1.285,-0.238 1.84,-0.387 l -0.34,1.898 c -0.094,-0.008 -0.234,-0.016 -0.422,-0.023 -0.188,-0.007 -0.396,-0.016 -0.627,-0.023 -0.231,-0.007 -0.473,-0.014 -0.727,-0.018 -0.254,-0.004 -0.494,-0.008 -0.721,-0.012 -0.227,-0.004 -0.428,-0.008 -0.604,-0.012 -0.176,-0.004 -0.303,-0.006 -0.381,-0.006 h -5.062 v -0.047 c 0.047,-0.164 0.092,-0.367 0.135,-0.609 0.043,-0.242 0.08,-0.543 0.111,-0.902 0.031,-0.359 0.055,-0.787 0.07,-1.283 0.015,-0.496 0.023,-1.076 0.023,-1.74 v -7.629 c 0,-0.664 -0.008,-1.244 -0.023,-1.74 -0.015,-0.496 -0.039,-0.926 -0.07,-1.289 C 161.275,9.023 161.238,8.72 161.195,8.478 161.152,8.236 161.107,8.033 161.06,7.869 V 7.82 c 0.978,0 1.949,-0.004 2.914,-0.012 z"
   id="path129"
   inkscape:connector-curvature="0" />
	<path
   d="m 171.732,24.578 c 0.047,-0.164 0.09,-0.367 0.129,-0.609 0.039,-0.242 0.074,-0.543 0.105,-0.902 0.031,-0.359 0.055,-0.787 0.07,-1.283 0.015,-0.496 0.023,-1.076 0.023,-1.74 v -7.629 c 0,-0.664 -0.008,-1.244 -0.023,-1.74 -0.015,-0.496 -0.039,-0.926 -0.07,-1.289 C 171.935,9.023 171.9,8.72 171.861,8.478 171.822,8.236 171.779,8.033 171.732,7.869 V 7.82 h 2.801 v 0.047 c -0.047,0.164 -0.092,0.367 -0.135,0.609 -0.043,0.242 -0.078,0.545 -0.105,0.908 -0.027,0.363 -0.051,0.793 -0.07,1.289 -0.019,0.496 -0.029,1.076 -0.029,1.74 v 7.629 c 0,0.664 0.01,1.244 0.029,1.74 0.019,0.496 0.043,0.924 0.07,1.283 0.027,0.359 0.062,0.66 0.105,0.902 0.043,0.242 0.088,0.445 0.135,0.609 v 0.047 h -2.801 v -0.045 z"
   id="path131"
   inkscape:connector-curvature="0" />
	<path
   d="m 188.415,24.625 v -0.047 c 0.016,-0.039 0.027,-0.098 0.035,-0.176 0.008,-0.078 0.012,-0.148 0.012,-0.211 0,-0.242 -0.033,-0.51 -0.1,-0.803 -0.067,-0.293 -0.193,-0.658 -0.381,-1.096 l -1.418,-3.188 c -0.438,-0.016 -1.02,-0.023 -1.746,-0.023 -0.726,0 -1.512,0 -2.355,0 -0.617,0 -1.213,0 -1.787,0 -0.574,0 -1.092,0.008 -1.553,0.023 l -1.348,3.094 c -0.117,0.289 -0.242,0.605 -0.375,0.949 -0.133,0.344 -0.199,0.691 -0.199,1.043 0,0.102 0.008,0.186 0.023,0.252 0.015,0.066 0.031,0.111 0.047,0.135 v 0.047 h -2.391 v -0.047 c 0.141,-0.148 0.316,-0.412 0.527,-0.791 0.211,-0.379 0.441,-0.854 0.691,-1.424 l 6.715,-14.895 h 0.938 l 6.363,14.32 c 0.148,0.336 0.303,0.662 0.463,0.979 0.16,0.317 0.311,0.6 0.451,0.85 0.14,0.25 0.266,0.461 0.375,0.633 0.109,0.172 0.184,0.281 0.223,0.328 v 0.047 h -3.21 z m -7.594,-6.551 c 0.453,0 0.918,-0.002 1.395,-0.006 0.477,-0.004 0.943,-0.008 1.4,-0.012 0.457,-0.004 0.896,-0.008 1.318,-0.012 0.422,-0.004 0.805,-0.01 1.148,-0.018 l -3.293,-7.441 -3.234,7.488 h 1.266 z"
   id="path133"
   inkscape:connector-curvature="0" />
	<path
   d="m 79.068,53.377 c 0.047,-0.164 0.09,-0.367 0.129,-0.609 0.039,-0.242 0.074,-0.543 0.105,-0.902 0.031,-0.359 0.055,-0.787 0.07,-1.283 0.015,-0.496 0.023,-1.076 0.023,-1.74 v -7.629 c 0,-0.664 -0.008,-1.244 -0.023,-1.74 -0.015,-0.496 -0.039,-0.926 -0.07,-1.289 -0.031,-0.363 -0.066,-0.666 -0.105,-0.908 -0.039,-0.242 -0.082,-0.445 -0.129,-0.609 V 36.62 h 2.801 v 0.047 c -0.047,0.164 -0.092,0.367 -0.135,0.609 -0.043,0.242 -0.078,0.545 -0.105,0.908 -0.027,0.363 -0.051,0.793 -0.07,1.289 -0.019,0.496 -0.029,1.076 -0.029,1.74 v 7.629 c 0,0.664 0.01,1.244 0.029,1.74 0.019,0.496 0.043,0.924 0.07,1.283 0.027,0.359 0.062,0.66 0.105,0.902 0.043,0.242 0.088,0.445 0.135,0.609 v 0.047 h -2.801 v -0.046 z"
   id="path135"
   inkscape:connector-curvature="0" />
	<path
   d="m 84.782,36.62 12.07,12.844 v -8.25 c 0,-0.664 -0.008,-1.244 -0.023,-1.74 -0.015,-0.496 -0.039,-0.926 -0.07,-1.289 -0.031,-0.363 -0.068,-0.666 -0.111,-0.908 -0.043,-0.242 -0.088,-0.445 -0.135,-0.609 V 36.62 h 2.086 v 0.047 c -0.047,0.164 -0.09,0.367 -0.129,0.609 -0.039,0.242 -0.074,0.545 -0.105,0.908 -0.031,0.363 -0.055,0.793 -0.07,1.289 -0.015,0.496 -0.023,1.076 -0.023,1.74 v 12.445 h -0.41 L 85.79,40.827 v 8.016 c 0,0.664 0.008,1.244 0.023,1.74 0.015,0.496 0.039,0.924 0.07,1.283 0.031,0.359 0.066,0.66 0.105,0.902 0.039,0.242 0.082,0.445 0.129,0.609 v 0.047 h -2.086 v -0.047 c 0.047,-0.164 0.092,-0.367 0.135,-0.609 0.043,-0.242 0.08,-0.543 0.111,-0.902 0.031,-0.359 0.055,-0.787 0.07,-1.283 0.015,-0.496 0.023,-1.076 0.023,-1.74 v -7.629 c 0,-0.664 -0.008,-1.244 -0.023,-1.74 -0.015,-0.496 -0.039,-0.926 -0.07,-1.289 -0.031,-0.363 -0.068,-0.666 -0.111,-0.908 -0.043,-0.242 -0.088,-0.445 -0.135,-0.609 V 36.62 h 0.751 z"
   id="path137"
   inkscape:connector-curvature="0" />
	<path
   d="m 107.664,39.292 h -0.258 c -0.062,-0.18 -0.162,-0.383 -0.299,-0.609 -0.137,-0.226 -0.316,-0.439 -0.539,-0.639 -0.223,-0.2 -0.492,-0.365 -0.809,-0.498 -0.317,-0.133 -0.689,-0.199 -1.119,-0.199 -0.383,0 -0.723,0.059 -1.02,0.176 -0.297,0.117 -0.545,0.281 -0.744,0.492 -0.199,0.211 -0.35,0.461 -0.451,0.75 -0.101,0.289 -0.152,0.609 -0.152,0.961 0,0.562 0.158,1.1 0.475,1.611 0.317,0.511 0.713,1.018 1.189,1.518 0.476,0.5 0.992,1 1.547,1.5 0.555,0.5 1.07,1.02 1.547,1.559 0.477,0.539 0.873,1.104 1.189,1.693 0.316,0.589 0.475,1.225 0.475,1.904 0,0.508 -0.088,1.018 -0.264,1.529 -0.176,0.511 -0.447,0.971 -0.814,1.377 -0.367,0.406 -0.84,0.736 -1.418,0.99 -0.578,0.254 -1.266,0.381 -2.062,0.381 -0.445,0 -0.869,-0.041 -1.271,-0.123 -0.402,-0.082 -0.773,-0.184 -1.113,-0.305 -0.34,-0.121 -0.645,-0.252 -0.914,-0.393 -0.269,-0.141 -0.49,-0.27 -0.662,-0.387 l 0.27,-2.59 h 0.293 c 0.086,0.367 0.227,0.717 0.422,1.049 0.195,0.332 0.436,0.625 0.721,0.879 0.285,0.254 0.611,0.457 0.979,0.609 0.368,0.152 0.77,0.229 1.207,0.229 0.398,0 0.756,-0.061 1.072,-0.182 0.316,-0.121 0.588,-0.289 0.814,-0.504 0.226,-0.215 0.4,-0.471 0.521,-0.768 0.121,-0.297 0.182,-0.621 0.182,-0.973 0,-0.492 -0.09,-0.947 -0.27,-1.365 -0.18,-0.418 -0.416,-0.814 -0.709,-1.189 -0.293,-0.375 -0.625,-0.738 -0.996,-1.09 -0.371,-0.352 -0.752,-0.705 -1.143,-1.061 -0.391,-0.356 -0.771,-0.721 -1.143,-1.096 -0.372,-0.375 -0.703,-0.775 -0.996,-1.201 -0.293,-0.426 -0.529,-0.883 -0.709,-1.371 -0.18,-0.488 -0.27,-1.025 -0.27,-1.611 0,-0.617 0.119,-1.174 0.357,-1.67 0.238,-0.496 0.555,-0.92 0.949,-1.271 0.394,-0.351 0.842,-0.621 1.342,-0.809 0.5,-0.188 1.016,-0.281 1.547,-0.281 0.391,0 0.75,0.031 1.078,0.094 0.328,0.063 0.623,0.137 0.885,0.223 0.262,0.086 0.49,0.172 0.686,0.258 0.196,0.086 0.355,0.156 0.48,0.211 l -0.082,2.192 z"
   id="path139"
   inkscape:connector-curvature="0" />
	<path
   d="m 114.797,37.651 c -0.922,0 -1.754,0.041 -2.496,0.123 -0.742,0.082 -1.383,0.17 -1.922,0.264 -0.625,0.117 -1.184,0.246 -1.676,0.387 l 0.34,-1.898 c 0.094,0.008 0.234,0.016 0.422,0.023 0.188,0.007 0.396,0.016 0.627,0.023 0.231,0.007 0.473,0.014 0.727,0.018 0.254,0.004 0.494,0.008 0.721,0.012 0.227,0.004 0.428,0.008 0.604,0.012 0.176,0.004 0.303,0.006 0.381,0.006 h 6.691 c 0.078,0 0.205,-0.002 0.381,-0.006 0.176,-0.004 0.377,-0.008 0.604,-0.012 0.227,-0.004 0.467,-0.008 0.721,-0.012 0.254,-0.004 0.496,-0.01 0.727,-0.018 0.231,-0.008 0.439,-0.016 0.627,-0.023 0.188,-0.007 0.328,-0.016 0.422,-0.023 l 0.34,1.898 c -0.5,-0.141 -1.062,-0.27 -1.688,-0.387 -0.539,-0.094 -1.18,-0.182 -1.922,-0.264 -0.742,-0.082 -1.574,-0.123 -2.496,-0.123 v 11.191 c 0,0.664 0.01,1.244 0.029,1.74 0.019,0.496 0.043,0.924 0.07,1.283 0.027,0.359 0.062,0.66 0.105,0.902 0.043,0.242 0.088,0.445 0.135,0.609 v 0.047 h -2.801 v -0.047 c 0.047,-0.164 0.09,-0.367 0.129,-0.609 0.039,-0.242 0.074,-0.543 0.105,-0.902 0.031,-0.359 0.055,-0.787 0.07,-1.283 0.015,-0.496 0.023,-1.076 0.023,-1.74 V 37.651 z"
   id="path141"
   inkscape:connector-curvature="0" />
	<path
   d="m 123.616,53.377 c 0.047,-0.164 0.09,-0.367 0.129,-0.609 0.039,-0.242 0.074,-0.543 0.105,-0.902 0.031,-0.359 0.055,-0.787 0.07,-1.283 0.015,-0.496 0.023,-1.076 0.023,-1.74 v -7.629 c 0,-0.664 -0.008,-1.244 -0.023,-1.74 -0.015,-0.496 -0.039,-0.926 -0.07,-1.289 -0.031,-0.363 -0.066,-0.666 -0.105,-0.908 -0.039,-0.242 -0.082,-0.445 -0.129,-0.609 V 36.62 h 2.801 v 0.047 c -0.047,0.164 -0.092,0.367 -0.135,0.609 -0.043,0.242 -0.078,0.545 -0.105,0.908 -0.027,0.363 -0.051,0.793 -0.07,1.289 -0.019,0.496 -0.029,1.076 -0.029,1.74 v 7.629 c 0,0.664 0.01,1.244 0.029,1.74 0.019,0.496 0.043,0.924 0.07,1.283 0.027,0.359 0.062,0.66 0.105,0.902 0.043,0.242 0.088,0.445 0.135,0.609 v 0.047 h -2.801 v -0.046 z"
   id="path143"
   inkscape:connector-curvature="0" />
	<path
   d="m 133.092,37.651 c -0.922,0 -1.754,0.041 -2.496,0.123 -0.742,0.082 -1.383,0.17 -1.922,0.264 -0.625,0.117 -1.184,0.246 -1.676,0.387 l 0.34,-1.898 c 0.094,0.008 0.234,0.016 0.422,0.023 0.188,0.007 0.396,0.016 0.627,0.023 0.231,0.007 0.473,0.014 0.727,0.018 0.254,0.004 0.494,0.008 0.721,0.012 0.227,0.004 0.428,0.008 0.604,0.012 0.176,0.004 0.303,0.006 0.381,0.006 h 6.691 c 0.078,0 0.205,-0.002 0.381,-0.006 0.176,-0.004 0.377,-0.008 0.604,-0.012 0.227,-0.004 0.467,-0.008 0.721,-0.012 0.254,-0.004 0.496,-0.01 0.727,-0.018 0.231,-0.008 0.439,-0.016 0.627,-0.023 0.188,-0.007 0.328,-0.016 0.422,-0.023 l 0.34,1.898 c -0.5,-0.141 -1.062,-0.27 -1.688,-0.387 -0.539,-0.094 -1.18,-0.182 -1.922,-0.264 -0.742,-0.082 -1.574,-0.123 -2.496,-0.123 v 11.191 c 0,0.664 0.01,1.244 0.029,1.74 0.019,0.496 0.043,0.924 0.07,1.283 0.027,0.359 0.062,0.66 0.105,0.902 0.043,0.242 0.088,0.445 0.135,0.609 v 0.047 h -2.801 v -0.047 c 0.047,-0.164 0.09,-0.367 0.129,-0.609 0.039,-0.242 0.074,-0.543 0.105,-0.902 0.031,-0.359 0.055,-0.787 0.07,-1.283 0.015,-0.496 0.023,-1.076 0.023,-1.74 V 37.651 z"
   id="path145"
   inkscape:connector-curvature="0" />
	<path
   d="m 153.829,41.213 c 0,-0.664 -0.008,-1.244 -0.023,-1.74 -0.015,-0.496 -0.039,-0.926 -0.07,-1.289 -0.031,-0.363 -0.066,-0.666 -0.105,-0.908 -0.039,-0.242 -0.082,-0.445 -0.129,-0.609 V 36.62 h 2.086 v 0.047 c -0.047,0.164 -0.092,0.367 -0.135,0.609 -0.043,0.242 -0.078,0.545 -0.105,0.908 -0.027,0.363 -0.051,0.793 -0.07,1.289 -0.019,0.496 -0.029,1.076 -0.029,1.74 v 6.328 c 0,1.117 -0.16,2.07 -0.48,2.859 -0.32,0.789 -0.766,1.436 -1.336,1.939 -0.57,0.503 -1.254,0.871 -2.051,1.102 -0.797,0.231 -1.668,0.346 -2.613,0.346 -0.945,0 -1.826,-0.109 -2.643,-0.328 -0.817,-0.219 -1.527,-0.572 -2.133,-1.061 -0.606,-0.489 -1.08,-1.121 -1.424,-1.898 -0.344,-0.777 -0.516,-1.725 -0.516,-2.842 v -6.445 c 0,-0.664 -0.008,-1.244 -0.023,-1.74 -0.015,-0.496 -0.039,-0.926 -0.07,-1.289 -0.031,-0.363 -0.068,-0.666 -0.111,-0.908 -0.043,-0.242 -0.088,-0.445 -0.135,-0.609 V 36.62 h 2.812 v 0.047 c -0.047,0.164 -0.092,0.367 -0.135,0.609 -0.043,0.242 -0.08,0.545 -0.111,0.908 -0.031,0.363 -0.055,0.793 -0.07,1.289 -0.015,0.496 -0.023,1.076 -0.023,1.74 v 6.574 c 0,0.93 0.139,1.697 0.416,2.303 0.277,0.606 0.643,1.086 1.096,1.441 0.453,0.355 0.969,0.604 1.547,0.744 0.578,0.14 1.168,0.211 1.77,0.211 0.602,0 1.191,-0.07 1.77,-0.211 0.579,-0.141 1.092,-0.389 1.541,-0.744 0.449,-0.355 0.812,-0.836 1.09,-1.441 0.278,-0.605 0.416,-1.373 0.416,-2.303 v -6.574 z"
   id="path147"
   inkscape:connector-curvature="0" />
	<path
   d="m 162.062,37.651 c -0.922,0 -1.754,0.041 -2.496,0.123 -0.742,0.082 -1.383,0.17 -1.922,0.264 -0.625,0.117 -1.184,0.246 -1.676,0.387 l 0.34,-1.898 c 0.094,0.008 0.234,0.016 0.422,0.023 0.188,0.007 0.396,0.016 0.627,0.023 0.231,0.007 0.473,0.014 0.727,0.018 0.254,0.004 0.494,0.008 0.721,0.012 0.227,0.004 0.428,0.008 0.604,0.012 0.176,0.004 0.303,0.006 0.381,0.006 h 6.691 c 0.078,0 0.205,-0.002 0.381,-0.006 0.176,-0.004 0.377,-0.008 0.604,-0.012 0.227,-0.004 0.467,-0.008 0.721,-0.012 0.254,-0.004 0.496,-0.01 0.727,-0.018 0.231,-0.008 0.439,-0.016 0.627,-0.023 0.188,-0.007 0.328,-0.016 0.422,-0.023 l 0.34,1.898 c -0.5,-0.141 -1.062,-0.27 -1.688,-0.387 -0.539,-0.094 -1.18,-0.182 -1.922,-0.264 -0.742,-0.082 -1.574,-0.123 -2.496,-0.123 v 11.191 c 0,0.664 0.01,1.244 0.029,1.74 0.019,0.496 0.043,0.924 0.07,1.283 0.027,0.359 0.062,0.66 0.105,0.902 0.043,0.242 0.088,0.445 0.135,0.609 v 0.047 h -2.801 v -0.047 c 0.047,-0.164 0.09,-0.367 0.129,-0.609 0.039,-0.242 0.074,-0.543 0.105,-0.902 0.031,-0.359 0.055,-0.787 0.07,-1.283 0.015,-0.496 0.023,-1.076 0.023,-1.74 V 37.651 z"
   id="path149"
   inkscape:connector-curvature="0" />
	<path
   d="m 173.689,36.608 c 0.965,-0.008 1.85,-0.018 2.654,-0.029 0.804,-0.011 1.492,-0.029 2.062,-0.053 0.57,-0.024 0.957,-0.055 1.16,-0.094 l -0.574,1.559 c -0.258,-0.07 -0.559,-0.133 -0.902,-0.188 -0.297,-0.047 -0.658,-0.092 -1.084,-0.135 -0.426,-0.043 -0.916,-0.064 -1.471,-0.064 -0.188,0 -0.412,0.006 -0.674,0.018 -0.262,0.012 -0.514,0.025 -0.756,0.041 -0.281,0.016 -0.566,0.031 -0.855,0.047 v 6.398 c 0.805,-0.008 1.531,-0.031 2.18,-0.07 0.649,-0.039 1.199,-0.078 1.652,-0.117 0.531,-0.047 1,-0.102 1.406,-0.164 l -0.363,1.699 c -0.539,-0.07 -1.09,-0.137 -1.652,-0.199 -0.484,-0.055 -1.012,-0.104 -1.582,-0.146 -0.57,-0.042 -1.117,-0.064 -1.641,-0.064 v 7.348 c 0.922,0 1.77,-0.039 2.543,-0.117 0.773,-0.078 1.449,-0.168 2.027,-0.27 0.672,-0.109 1.285,-0.238 1.84,-0.387 l -0.34,1.898 c -0.094,-0.008 -0.234,-0.016 -0.422,-0.023 -0.188,-0.007 -0.396,-0.016 -0.627,-0.023 -0.231,-0.007 -0.473,-0.014 -0.727,-0.018 -0.254,-0.004 -0.494,-0.008 -0.721,-0.012 -0.227,-0.004 -0.428,-0.008 -0.604,-0.012 -0.176,-0.004 -0.303,-0.006 -0.381,-0.006 h -5.062 v -0.047 c 0.047,-0.164 0.092,-0.367 0.135,-0.609 0.043,-0.242 0.08,-0.543 0.111,-0.902 0.031,-0.359 0.055,-0.787 0.07,-1.283 0.015,-0.496 0.023,-1.076 0.023,-1.74 v -7.629 c 0,-0.664 -0.008,-1.244 -0.023,-1.74 -0.015,-0.496 -0.039,-0.926 -0.07,-1.289 -0.031,-0.363 -0.068,-0.666 -0.111,-0.908 -0.043,-0.242 -0.088,-0.445 -0.135,-0.609 V 36.62 c 0.979,0 1.95,-0.004 2.914,-0.012 z"
   id="path151"
   inkscape:connector-curvature="0" />
</g>
<g
   id="g153">
</g>
<g
   id="g155">
</g>
<g
   id="g157">
</g>
<g
   id="g159">
</g>
<g
   id="g161">
</g>
<g
   id="g163">
</g>
</svg>